version https://git-lfs.github.com/spec/v1
oid sha256:41343b06d6798d1bdf6cfca27474826f32db8e3913d8faa12051cc60edcc2bb3
size 1462992
